%eval_id interface seasalt_emis_scale ice_sed_ai     response_fn_1  
1        NO_ID      2.242346828    1125.064412    1              
2        NO_ID      2.482570243    697.298019     1              
3        NO_ID      1.659080554    524.9079236    1              
4        NO_ID      1.434346435    864.9796189    1              
5        NO_ID      1.22783947     719.6601983    1              
6        NO_ID      0.8727511112   961.8787602    1              
7        NO_ID      0.9123995654   542.5746407    1              
8        NO_ID      2.181554256    1260.72701     1              
9        NO_ID      1.317523318    350.2533759    1              
10       NO_ID      0.5934014898   1191.144665    1              
11       NO_ID      1.0184599      1310.742006    1              
12       NO_ID      1.396483172    925.8304372    1              
13       NO_ID      1.050718019    1353.775447    1              
14       NO_ID      1.102768779    431.9115038    1              
15       NO_ID      1.584489902    1033.273849    1              
16       NO_ID      1.859694674    813.8572251    1              
17       NO_ID      1.529895507    772.5027968    1              
18       NO_ID      1.975008689    581.9924728    1              
19       NO_ID      1.731345868    1377.099143    1              
20       NO_ID      0.529369031    404.6368111    1              
21       NO_ID      2.338744681    1176.003539    1              
22       NO_ID      1.829699013    877.5008888    1              
23       NO_ID      2.39334665     658.4469833    1              
24       NO_ID      2.089231887    1108.777587    1              
25       NO_ID      0.7383176466   753.8676174    1              
26       NO_ID      1.964184181    1072.373115    1              
27       NO_ID      0.644655885    487.1628295    1              
28       NO_ID      0.8097471297   1246.03644     1              
29       NO_ID      1.246051002    997.2557294    1              
30       NO_ID      2.105534532    616.8699904    1              
